10 484
810 484
840 484
870 484
900 484
930 484
960 484
990 484
1020 484
1050 484
1080 484
1110 484
1140 484
1170 484
1200 484
1230 484
1260 484
1290 484
1320 484
1350 484
1380 484
1410 484
1440 484
1470 484
1500 484
1530 484
1560 484
1610 484
1640 484
1670 484
1700 484
1730 484
1760 484
1790 484
1820 484
1850 484
1880 484
1910 484
1940 484
1970 484
2000 484
2030 484
2060 484
2090 484
2120 484
2150 484
2180 484
2210 484
2240 484
2270 484
2300 484
2330 484
2360 484
2360 454
2360 424
2360 394
2360 364
2360 334
730 -446
40 -2277
40 484
70 484
100 484
220 124
130 484
160 484
190 484
220 484
250 484
280 484
310 484
340 484
370 484
400 484
430 484
460 484
490 484
520 484
550 484
580 484
610 484
640 484
670 484
700 484
730 484
760 484
10 334
10 304
40 304
70 304
100 304
130 304
160 304
190 304
220 304
250 304
280 304
490 304
520 304
550 304
580 304
610 304
640 304
670 304
700 304
730 304
760 304
760 334
-40 484
-70 484
-100 484
-130 484
-160 484
-190 484
-220 484
-250 484
-280 484
-310 484
-340 484
-370 484
-400 484
-430 484
-460 484
-490 484
-520 484
-550 484
-580 484
-610 484
-640 484
-670 484
-700 484
-730 484
-760 484
-760 454
-730 454
-700 454
-760 424
-760 394
-760 364
-760 334
-760 304
-730 304
-700 304
-670 304
-640 304
-610 304
-580 304
-550 304
-520 304
-490 304
-460 304
-430 304
-400 304
-370 304
-340 304
-310 304
-280 304
-250 304
-220 304
-190 304
-160 304
-130 304
-100 304
-70 304
-40 304
-40 334
-400 454
-430 454
-370 454
10 274
10 244
10 214
10 184
10 154
10 124
760 274

760 244
760 214
760 184
760 154
760 124
760 94
760 64
760 34
760 4
760 -26
760 -56
760 -86
760 -116
760 -146
730 -146
700 -146
670 -146
640 -146
610 -146
580 -146
550 -146
370 -146
340 -146
310 -146
280 -146
280 -146
250 -146
220 -146
190 -146
160 -146
130 -146
100 -146
70 -146
40 -146
10 -146
10 -116
10 94
10 64
10 34
10 4
10 -26
10 -56
10 -86
490 34
730 154
700 184
250 124
10 -176
10 -206
10 -236
10 -266
10 -296
10 -326
10 -356
10 -386
10 -416
10 -446
250 -416
280 -416
310 -416
340 -416
370 -416
400 -416
430 -416
460 -416
490 -416
520 -416
550 -416
580 -416
610 -416
640 -416
670 -416
700 -416
730 -416
760 -416
760 -386
760 -356
760 -326
760 -296
760 -266
760 -236
760 -206
760 -176
760 -446
760 -476
760 -506
760 -536
760 -566
730 -536
700 -536
670 -536
760 -596
760 -626
760 -656
550 -596
520 -596
490 -596
460 -596
430 -596
400 -596
370 -596
340 -596
310 -596
280 -596
250 -596
220 -596
190 -596
160 -596
130 -596
100 -596
70 -596
40 -596
10 -596
10 -566
10 -536
10 -506
10 -476
760 -686
760 -716
760 -746
760 -776
760 -806
760 -836
760 -866
760 -896
760 -926
10 -626
10 -656
10 -686
10 -716
10 -746
10 -776
10 -806
10 -836
10 -866
10 -896
10 -926
10 -956
10 -986
760 -956
460 -836
250 -836
10 -1016
10 -1046
10 -1076
10 -1106
10 -1136
10 -1286
10 -1316
40 -1316
70 -1316
100 -1316
130 -1316
160 -1316
190 -1316
220 -1316
250 -1316
280 -1316
220 -1136
250 -1136
280 -1136
310 -1136
340 -1136
370 -1136
400 -1136
430 -1136
460 -1136
490 -1136
520 -1136
550 -1136
580 -1136
610 -1136
640 -1136
670 -1136
700 -1136
730 -1136
760 -1136
760 -1106
760 -1076
760 -1046
760 -1016
760 -986
760 -1286
760 -1316
730 -1316
700 -1316
670 -1316
640 -1316
610 -1316
580 -1316
550 -1316
520 -1316
490 -1316
460 -1316
-41 -1136
-71 -1136
-71 -1106
-101 -1106
-131 -1106
-161 -1106
-191 -1106
-221 -1106
-251 -1106
-281 -1106
-311 -1106
-341 -1106
-371 -1106
-401 -1106
-431 -1106
-461 -1106
-491 -1106
-521 -1106
-551 -1106
-581 -1106
-611 -1106
-641 -1106
-671 -1106
-701 -1106
-731 -1106
-761 -1106
-791 -1106
-791 -1136
-791 -1166
-791 -1196
-791 -1226
-791 -1256
-791 -1286
-41 -1286
-41 -1316
-71 -1316
-101 -1316
-131 -1316
-161 -1316
-191 -1316
-221 -1316
-251 -1316
-281 -1316
-311 -1316
-341 -1316
-371 -1316
-401 -1316
-431 -1316
-461 -1316
-491 -1316
-521 -1316
-551 -1316
-581 -1316
-611 -1316
-641 -1316
-671 -1316
-701 -1316
-731 -1316
-761 -1316
-791 -1316
-761 -1136
-731 -1136
-731 -1166
-761 -1166

810 -1136
840 -1136
840 -1106
870 -1106
900 -1106
930 -1106
960 -1106
990 -1106
1020 -1106
1050 -1106
1080 -1106
1110 -1106
1140 -1106
1170 -1106
1200 -1106
1230 -1106
1260 -1106
1290 -1106
1320 -1106
1350 -1106
1380 -1106
1410 -1106
1440 -1106
1470 -1106
1500 -1106
1530 -1106
1560 -1106
1560 -1136
1560 -1166
1560 -1196
1560 -1226
1560 -1256
1560 -1286
1560 -1316
1530 -1316
1500 -1316
1470 -1316
1440 -1316
1410 -1316
1380 -1316
1350 -1316
1320 -1316
1290 -1316
1260 -1316
1230 -1316
1200 -1316
1170 -1316
1140 -1316
1110 -1316
1080 -1316
1050 -1316
1020 -1316
990 -1316
960 -1316
930 -1316
900 -1316
870 -1316
840 -1316
810 -1316
810 -1286
10 -1346
10 -1376
10 -1406
10 -1436
10 -1466
10 -1496
40 -1496
70 -1496
100 -1496
130 -1496
160 -1496
190 -1496
220 -1496
250 -1496
280 -1496
310 -1496
340 -1496
370 -1496
760 -1346
760 -1376
760 -1406
760 -1436
760 -1466
760 -1496
730 -1496
700 -1496
670 -1496
460 -1496
430 -1496
400 -1496
10 -1526
10 -1676
10 -1706
10 -1736
10 -1766
40 -1766
70 -1766
100 -1766
130 -1766
40 -1526
70 -1526
760 -1526
760 -1556
760 -1586
760 -1616
760 -1646
250 -1766
130 -1796
280 -1766
310 -1766
340 -1766
370 -1766
400 -1766
430 -1766
460 -1766
490 -1766
520 -1766
550 -1766
580 -1766
610 -1766
640 -1766
670 -1766
700 -1766
730 -1766
760 -1766
760 -1736
760 -1706
760 -1676
-40 -1526
-70 -1526
-100 -1526
-130 -1526
-160 -1526
-190 -1526
-220 -1526
-250 -1526
-280 -1526
-310 -1526
-340 -1526
-340 -1556
-340 -1586
-340 -1616
-340 -1646
-340 -1676
-340 -1706
-340 -1736
-340 -1766
10 -1796
10 -1826
10 -1856
10 -1886
10 -1916
10 -1946
10 -1976
10 -2006
10 -2036
10 -2066
10 -2096
760 -1796
760 -1826
760 -1856
760 -1886
760 -1916
760 -1946
760 -1976
760 -2006
760 -2036
430 -1976
220 -1976
40 -1886
40 -1976
760 -2066
760 -2096
760 -2126
760 -2156
520 -2216
520 -2216
550 -2216
460 -1976
250 -1976
490 -2216
580 -2216
610 -2216
640 -2216
670 -2216
700 -2216
730 -2216
760 -2216
760 -2186
460 -2216
430 -2216
10 -2126
10 -2156
400 -2216
370 -2216
340 -2216
310 -2216
280 -2216
250 -2216
70 -1976
10 -2186
10 -2216
10 -2246
40 -2246
70 -2246
220 -2216
550 -2247
580 -2247
610 -2247
640 -2247
670 -2247
700 -2247
730 -2247
760 -2247
10 -2397
10 -2367
10 -2337
10 -2307
10 -2277
10 -2427
10 -2607
760 -2277
760 -2307
760 -2337
760 -2367
760 -2397
760 -2427
760 -2457
760 -2487
760 -2517
760 -2547
760 -2577
760 -2607
10 -2637
40 -2637
70 -2637
100 -2637
130 -2637
160 -2637
190 -2637
220 -2637
250 -2637
280 -2637
310 -2637
340 -2637
370 -2637
400 -2637
430 -2637
460 -2637
490 -2637
520 -2637
550 -2637
580 -2637
610 -2637
760 -2637
-340 -1796
-340 -1826
-340 -1856
-340 -1886
-340 -1916
-340 -1946
-340 -1976
-340 -2006
-340 -2036
-340 -2066
-340 -2096
-340 -2126
-340 -2156
-340 -2186
-340 -2216
-340 -2246
-340 -2276
-340 -2306
-340 -2336
-340 -2366
-340 -2396
-340 -2426
-340 -2456
-340 -2486
-340 -2516
-340 -2546
-340 -2576
-340 -2606
-310 -2606
-340 -2636
-280 -2636
-310 -2636
-250 -2636
-220 -2636
-190 -2636
-160 -2636
-130 -2636
-100 -2636
-70 -2636
-40 -2636
-40 -2606
-40 -2426
-40 -1676
-40 -1706
-40 -1736
-40 -1766
-40 -1796
-40 -1826
-40 -1856
-40 -1886
-40 -1916
-40 -1946
-40 -1976
-40 -2006
-40 -2036
-40 -2066
-40 -2096
-40 -2126
-40 -2156
-40 -2186
-40 -2216
-40 -2246
-40 -2276
-40 -2306
-40 -2336
-40 -2366
-40 -2396
-130 -2426
-100 -2426
-70 -2426
810 -2636
840 -2636
840 -2606
870 -2606
900 -2606
930 -2606
960 -2606
990 -2606
1020 -2606
1050 -2606
1080 -2606
1110 -2606
1140 -2606
1170 -2606
1200 -2606
1230 -2606
1260 -2606
1290 -2606
1320 -2606
1350 -2606
1380 -2606
1410 -2606
1440 -2606
1470 -2606
1500 -2606
1530 -2606
1560 -2606
1560 -2636
1560 -2666
1560 -2696
810 -2786
810 -2816
840 -2816
870 -2816
900 -2816
930 -2816
960 -2816
990 -2816
1020 -2816
1050 -2816
1080 -2816
1110 -2816
1140 -2816
1170 -2816
1200 -2816
1230 -2816
1260 -2816
1290 -2816
1320 -2816
1350 -2816
1380 -2816
1410 -2816
1440 -2816
1470 -2816
1500 -2816
1530 -2816
1560 -2816
1560 -2786
1560 -2756
1560 -2726
1530 -2636
1500 -2636
760 -2786
760 -2816
10 -2816
10 -2786
10 -2756
10 -2726
10 -2696
10 -2666
730 -2816
700 -2816
670 -2816
640 -2816
460 -2816
430 -2816
400 -2816
370 -2816
340 -2816
310 -2816
280 -2816
250 -2816
220 -2816
190 -2816
160 -2816
130 -2816
100 -2816
70 -2816
40 -2816
460 -2846
460 -2876
460 -2906
460 -2936
460 -2966
490 -2966
520 -2966
550 -2966
580 -2966
610 -2966
760 -2846
760 -2876
760 -2906
760 -2936
760 -2966
760 -2996
760 -3026
760 -3056
760 -3086
760 -3116
760 -3146
610 -2996
610 -3026
610 -3056
610 -3086
610 -3116
610 -3146
580 -3146
760 -3176
760 -3206
760 -3236
760 -3266
10 -2846
10 -2876
10 -2906
10 -2936
10 -2966
10 -2996
10 -3026
10 -3056
10 -3086
10 -3116
40 -2996
40 -3146
10 -3146
760 -3296
760 -3326
760 -3356
730 -3356
700 -3356
670 -3356
640 -3356
610 -3356
580 -3356
10 -3176
10 -3206
10 -3236
10 -3266
10 -3296
10 -3326
40 -3356
10 -3356
70 -3356
100 -3356
220 -3356
220 -3326
250 -3356
280 -3356
310 -3356
340 -3356
370 -3356
400 -3356
430 -3356
460 -3356
490 -3356
520 -3356
550 -3356
-40 -3356
-70 -3356
-70 -3326
-100 -3326
-130 -3326
-160 -3326
-190 -3326
-220 -3326
-250 -3326
-280 -3326
-310 -3326
-340 -3326
-370 -3326
-400 -3326
-430 -3326
-460 -3326
-490 -3326
-520 -3326
-550 -3326
-580 -3326
-610 -3326
-640 -3326
-670 -3326
-700 -3326
-730 -3326
-760 -3326
-790 -3326
-790 -3356
-760 -3356
-730 -3356
-790 -3386
-790 -3416
-790 -3446
-40 -3506
-70 -3506
-100 -3506
-130 -3506
-160 -3506
-190 -3506
-220 -3506
-250 -3506
-280 -3506
-310 -3506
-340 -3506
-370 -3506
-400 -3506
-430 -3506
-460 -3506
-490 -3506
-520 -3506
-550 -3506
-580 -3506
-610 -3506
-640 -3506
-670 -3506
-700 -3506
-730 -3506
-760 -3506
-790 -3506
-790 -3476
11 -3506
11 -3536
41 -3536
71 -3536
101 -3536
131 -3536
161 -3536
191 -3536
221 -3536
251 -3536
281 -3536
311 -3536
341 -3536
371 -3536
401 -3536
431 -3536
461 -3536
761 -3386
761 -3416
761 -3446
761 -3476
761 -3506
761 -3536
731 -3536
701 -3536
671 -3536
760 -3566
760 -3596
760 -3626
760 -3656
760 -3686
10 -3566
10 -3596
10 -3626
10 -3656
10 -3686
10 -3716
760 -3716
760 -3746
760 -3776
10 -3746
10 -3776
10 -3806
10 -3836
220 -3716
400 -3746
580 -3716
610 -3716
640 -3716
670 -3716
700 -3716
730 -3716
760 -3806
760 -3836
760 -3866
760 -3896
760 -3926
760 -3956
490 -3956
430 -3746
250 -3716
310 -3956
340 -3956
310 -4196
340 -4196
370 -4196
400 -4196
430 -4196
460 -4196
490 -4196
520 -4196
550 -4196
580 -4196
610 -4196
640 -4196
670 -4196
700 -4196
730 -4196
760 -4196
760 -4166
760 -4136
760 -4106
760 -4076
760 -4046
760 -4016
760 -3986
10 -3866
10 -3896
10 -3926
10 -3956
10 -3986
10 -4016
10 -4046
10 -4076
10 -4106
10 -4136
10 -4166
10 -4196
40 -4196
70 -4196
100 -4196
130 -4196
160 -4196
40 -3956
280 -4196
280 -4226
10 -4226
10 -4256
10 -4286
10 -4316
10 -4346
10 -4376
10 -4616
10 -4586
10 -4556
10 -4526
10 -4496
10 -4466
10 -4436
160 -4646
160 -4616
160 -4586
160 -4556
160 -4496
160 -4466
160 -4436
160 -4406
160 -4376
190 -4346
220 -4316
250 -4286
280 -4256
10 -4676
10 -4706
10 -4736
10 -4766
10 -4796
40 -4796
70 -4796
100 -4796
130 -4796
160 -4796
190 -4646
190 -4406
220 -4406
250 -4406
280 -4406
310 -4406
760 -4226
760 -4256
760 -4286
760 -4316
760 -4346
760 -4376
760 -4406
760 -4436
760 -4466
760 -4496
760 -4526
760 -4556
760 -4586
760 -4616
760 -4646
760 -4676
760 -4706
760 -4706
760 -4736
760 -4766
760 -4796
730 -4796
700 -4796
670 -4796
640 -4796
190 -4796
220 -4796
250 -4796
280 -4796
310 -4796
340 -4796
370 -4796
400 -4796
430 -4796
640 -4826
610 -4856
580 -4886
130 -4826
160 -4856
190 -4886
220 -4916
250 -4946
550 -4916
520 -4946
550 -4946
580 -4946
610 -4946
220 -4946
190 -4946
160 -4946
130 -4946
100 -4946
70 -4946
40 -4946
10 -4946
10 -4976
10 -5006
10 -5036
10 -5066
10 -5096
640 -4946
670 -4946
700 -4946
730 -4946
760 -4946
760 -4976
760 -5006
760 -5036
760 -5066
760 -5096
10 -5126
10 -5156
760 -5126
760 -5156
760 -5186
760 -5216
10 -5186
10 -5216
40 -5216
70 -5216
100 -5216
130 -5216
160 -5216
190 -5216
220 -5216
250 -5216
280 -5216
310 -5216
340 -5216
370 -5216
400 -5216
430 -5216
460 -5216
490 -5216
520 -5216
550 -5216
250 -5246
760 -5246
760 -5276
760 -5306
760 -5336
760 -5366
730 -5366
700 -5366
670 -5366
640 -5366
610 -5366
580 -5366
550 -5366
520 -5366
250 -5276
250 -5306
250 -5336
250 -5366
250 -5396
250 -5426
250 -5456
250 -5486
250 -5516
520 -5396
520 -5426
520 -5456
520 -5486
520 -5516
220 -5516
190 -5516
160 -5516
130 -5516
100 -5516
70 -5516
40 -5516
10 -5516
550 -5516
580 -5516
610 -5516
640 -5516
670 -5516
700 -5516
730 -5516
760 -5516
10 -5696
10 -5666
10 -5636
10 -5606
10 -5576
10 -5546
10 -5756
10 -5786
220 -5786
250 -5786
280 -5786
310 -5786
340 -5786
370 -5786
400 -5786
430 -5786
460 -5786
490 -5786
520 -5786
550 -5786
580 -5786
610 -5786
640 -5786
670 -5786
700 -5786
730 -5786
760 -5786
760 -5756
760 -5726
760 -5696
760 -5666
760 -5636
760 -5606
760 -5576
760 -5546
730 -5696
700 -5726
670 -5756
100 -5186
70 -5156
40 -5126
10 -5816
10 -5846
10 -5876
10 -5906
10 -5936
40 -5936
70 -5936
100 -5936
130 -5936
160 -5936
190 -5936
220 -5936
250 -5936
520 -5816
520 -5846
520 -5876
520 -5906
520 -5936
250 -5966
520 -5966
520 -5996
520 -6026
520 -6056
520 -6086
250 -5996
250 -6026
250 -6056
250 -6086